VERSION 2
LEVELNUM 3
RUNELAPSED 114013
LEVELSEED 4036679329
RACIAL_PERIOD 4
MOVES_RACIAL 22
DWARF_TURNS 0
DWARF_BONUS 0
NAME s
RACE Human
STYLE Warrior
PLAYER 0 0 125 27 8 0
ROWS 8
COLS 8
LEVEL 3
C 0 0 1 0 0 1 0 0 0 0 0 0 0
C 0 1 1 0 1 0 0 0 0 0 0 1 0
C 0 2 1 0 1 0 0 0 0 0 0 0 0
C 0 3 1 1 0 0 0 1 0 0 0 0 0
C 0 4 1 0 0 1 0 0 0 0 0 1 0
C 0 5 1 0 1 0 0 0 1 0 0 0 0
C 0 6 1 0 0 0 0 0 0 0 0 0 1
C 0 7 1 1 1 0 0 0 0 0 0 1 0
C 1 0 0 1 0 1 0 1 0 0 0 0 0
C 1 1 1 0 0 1 0 0 0 0 0 0 0
C 1 2 1 1 0 0 0 1 0 0 0 0 0
C 1 3 0 0 1 1 0 0 1 0 0 0 0
C 1 4 0 0 1 0 0 0 0 0 0 1 0
C 1 5 1 0 0 0 0 0 1 0 0 0 0
C 1 6 0 0 0 0 0 0 0 1 0 0 0
C 1 7 1 1 0 0 0 1 0 0 0 0 0
C 2 0 0 0 1 1 0 0 0 0 0 0 0
C 2 1 0 1 1 0 0 0 0 0 0 1 0
C 2 2 0 0 1 1 0 0 0 0 0 0 0
C 2 3 1 0 1 0 0 0 0 0 0 0 0
C 2 4 1 1 0 0 0 0 0 0 0 0 0
C 2 5 0 1 1 1 0 0 0 0 0 0 0
C 2 6 0 0 0 1 0 0 0 0 0 0 1
C 2 7 0 1 0 0 0 0 0 0 0 0 0
C 3 0 1 1 0 1 0 0 0 0 1 0 0
C 3 1 1 0 0 1 0 0 0 1 0 0 0
C 3 2 1 0 0 0 0 0 0 0 0 0 1
C 3 3 1 1 1 0 0 0 0 0 0 0 1
C 3 4 0 1 0 1 0 0 0 0 0 0 1
C 3 5 1 0 0 1 0 0 0 0 0 0 1
C 3 6 0 1 1 0 0 0 0 1 0 0 0
C 3 7 0 1 0 1 0 0 0 0 0 1 0
C 4 0 0 0 0 1 0 0 0 0 0 1 0
C 4 1 0 1 1 0 0 0 1 0 0 0 0
C 4 2 0 0 1 1 0 0 1 0 0 0 0
C 4 3 1 0 1 0 0 0 0 0 0 0 0
C 4 4 0 0 1 0 0 0 0 0 0 0 0
C 4 5 0 1 0 0 0 1 0 0 0 0 0
C 4 6 1 0 0 1 0 0 0 1 0 0 0
C 4 7 0 1 1 0 0 1 0 0 0 0 0
C 5 0 0 1 0 1 0 1 0 0 0 0 0
C 5 1 1 0 1 1 0 0 0 0 0 0 1
C 5 2 1 0 0 0 0 1 0 0 0 0 0
C 5 3 1 0 1 0 0 0 0 0 0 0 1
C 5 4 1 0 0 0 0 0 0 1 0 0 0
C 5 5 0 1 1 0 0 0 1 0 0 0 0
C 5 6 0 0 1 1 0 1 0 0 0 0 0
C 5 7 1 1 0 0 0 0 0 0 0 0 0
C 6 0 0 1 0 1 0 1 0 0 0 0 0
C 6 1 1 0 0 1 0 0 0 0 0 0 0
C 6 2 0 0 0 0 0 1 0 0 0 0 0
C 6 3 1 1 0 0 0 0 0 0 0 0 0
C 6 4 0 0 1 1 0 0 0 0 0 0 1
C 6 5 1 1 0 0 0 0 0 0 0 1 0
C 6 6 1 0 0 1 0 0 0 0 0 0 0
C 6 7 0 1 1 0 0 1 0 0 0 0 0
C 7 0 0 0 1 1 0 0 0 1 0 0 0
C 7 1 0 1 1 0 0 0 0 0 0 0 1
C 7 2 0 0 1 1 0 0 0 0 0 1 0
C 7 3 0 0 1 0 0 1 0 0 0 0 0
C 7 4 1 0 1 0 0 0 1 0 0 0 0
C 7 5 0 0 1 0 0 0 0 0 0 1 0
C 7 6 0 0 1 0 0 0 0 1 0 0 0
C 7 7 1 1 1 0 0 0 0 0 0 0 0
ENEMIES 13
E Goblin Goblin 63 15 4 1 2
E Orc Orc 62 17 4 6 2
E Goblin Goblin 55 13 4 7 3
E Goblin Goblin 57 17 5 5 6
E Skeleton Skeleton 58 14 5 1 0
E Orc Orc 51 16 5 5 0
E Orc Orc 58 13 5 0 3
E Goblin Goblin 59 14 5 6 7
E Skeleton Skeleton 57 17 5 4 5
E Skeleton Skeleton 52 15 4 5 2
E Skeleton Skeleton 53 17 5 4 7
E Orc Orc 64 13 4 1 7
E Goblin Goblin 60 16 4 6 0
